2 0.15625 0.7576388888888889 0.08125 0.14305555555555555
2 0.2578125 0.5319444444444444 0.04375 0.10555555555555556
2 0.31328125 0.4111111111111111 0.0375 0.08611111111111111
2 0.348046875 0.3333333333333333 0.02421875 0.06666666666666667
2 0.371875 0.2826388888888889 0.0234375 0.05694444444444444
2 0.390234375 0.24791666666666667 0.01953125 0.05694444444444444
2 0.42578125 0.16666666666666666 0.015625 0.030555555555555555
2 0.438671875 0.1388888888888889 0.01171875 0.022222222222222223
2 0.475 0.06597222222222222 0.0046875 0.0125
2 0.46953125 0.07708333333333334 0.0046875 0.009722222222222222
1 0.8734375 0.7618055555555555 0.078125 0.14305555555555555
1 0.763671875 0.5319444444444444 0.04609375 0.1
1 0.703125 0.4097222222222222 0.040625 0.07777777777777778
1 0.6640625 0.3368055555555556 0.03125 0.06805555555555555
1 0.639453125 0.2847222222222222 0.02421875 0.05555555555555555
1 0.619921875 0.25 0.01953125 0.05
1 0.578515625 0.1638888888888889 0.01484375 0.03333333333333333
1 0.566796875 0.14097222222222222 0.01796875 0.029166666666666667
1 0.528125 0.06597222222222222 0.0046875 0.0125
1 0.5328125 0.07708333333333334 0.0046875 0.009722222222222222