1 0.176953 0.534722 0.058594 0.108333
1 0.429297 0.126389 0.010156 0.030556
1 0.576953 0.125000 0.010156 0.027778
1 0.459375 0.077778 0.004688 0.013889
1 0.543750 0.077083 0.006250 0.012500
1 0.845312 0.534028 0.060938 0.101389
1 0.725000 0.125694 0.012500 0.020833
1 0.625391 0.078472 0.007031 0.015278
1 0.351172 0.247917 0.021094 0.051389
1 0.659766 0.249306 0.021094 0.048611
1 0.967188 0.250000 0.026563 0.050000
1 0.403516 0.165972 0.010156 0.034722
1 0.603906 0.165278 0.012500 0.033333
1 0.803906 0.165972 0.015625 0.034722
1 0.873047 0.127778 0.013281 0.027778
1 0.443750 0.102083 0.007812 0.023611
1 0.561328 0.102778 0.007031 0.025000
1 0.678516 0.102778 0.010156 0.022222
1 0.796484 0.102778 0.010156 0.025000
1 0.452734 0.087500 0.005469 0.016667
1 0.550781 0.088889 0.007812 0.019444
1 0.648047 0.088194 0.008594 0.018056
1 0.745703 0.088889 0.007031 0.016667
1 0.710938 0.076389 0.006250 0.016667
