1 0.27578125 0.5368055555555555 0.075 0.14583333333333334
1 0.34765625 0.46458333333333335 0.0484375 0.09861111111111111
1 0.38359375 0.42916666666666664 0.0328125 0.07222222222222222
1 0.406640625 0.4076388888888889 0.02578125 0.05694444444444444
1 0.422265625 0.39305555555555555 0.01953125 0.04722222222222222
1 0.432421875 0.38263888888888886 0.01796875 0.04027777777777778
1 0.440625 0.375 0.015625 0.03611111111111111
1 0.447265625 0.36875 0.01328125 0.03194444444444444
1 0.452734375 0.3638888888888889 0.01171875 0.027777777777777776
1 0.456640625 0.3597222222222222 0.01015625 0.025
1 0.460546875 0.35625 0.00859375 0.02361111111111111
1 0.4640625 0.35347222222222224 0.0078125 0.020833333333333332
1 0.466015625 0.35138888888888886 0.00859375 0.019444444444444445
1 0.468359375 0.35 0.00703125 0.016666666666666666
1 0.7546875 0.5388888888888889 0.06875 0.14444444444444443
1 0.673046875 0.4652777777777778 0.04609375 0.09722222222222222
1 0.63125 0.4284722222222222 0.03125 0.06805555555555555
1 0.60546875 0.4076388888888889 0.025 0.05694444444444444
1 0.587890625 0.39305555555555555 0.01953125 0.04722222222222222
1 0.57578125 0.38263888888888886 0.0171875 0.04027777777777778
1 0.566015625 0.37430555555555556 0.01328125 0.034722222222222224
1 0.558984375 0.36875 0.01328125 0.03194444444444444
1 0.553515625 0.3638888888888889 0.01328125 0.027777777777777776
1 0.548828125 0.3597222222222222 0.01015625 0.025
1 0.54453125 0.35694444444444445 0.009375 0.022222222222222223
1 0.541015625 0.3541666666666667 0.00859375 0.022222222222222223
1 0.5359375 0.34930555555555554 0.0078125 0.018055555555555554
1 0.53828125 0.35138888888888886 0.0078125 0.019444444444444445
1 0.025 0.46597222222222223 0.0515625 0.09305555555555556
1 0.010546875 0.40694444444444444 0.02265625 0.058333333333333334
1 0.00625 0.38333333333333336 0.0125 0.044444444444444446
1 0.065625 0.3736111111111111 0.015625 0.03611111111111111
1 0.090625 0.3923611111111111 0.01875 0.04583333333333333
1 0.112109375 0.3680555555555556 0.01328125 0.03333333333333333
1 0.145703125 0.3819444444444444 0.01796875 0.03888888888888889
1 0.15 0.36319444444444443 0.015625 0.02638888888888889
1 0.182421875 0.3590277777777778 0.01171875 0.02361111111111111
1 0.208203125 0.35625 0.01015625 0.02361111111111111
1 0.23046875 0.35347222222222224 0.009375 0.020833333333333332
1 0.24921875 0.3506944444444444 0.0078125 0.020833333333333332
1 0.266015625 0.3486111111111111 0.00703125 0.019444444444444445
1 0.280859375 0.34652777777777777 0.00703125 0.018055555555555554
1 0.293359375 0.3451388888888889 0.00703125 0.018055555555555554
1 0.1359375 0.42916666666666664 0.0328125 0.07222222222222222
1 0.20859375 0.4076388888888889 0.0234375 0.05416666666666667
1 0.25546875 0.39375 0.0203125 0.04583333333333333
1 0.2890625 0.38125 0.0171875 0.043055555555555555
1 0.315234375 0.37430555555555556 0.01328125 0.034722222222222224
1 0.3359375 0.36875 0.0125 0.03194444444444444
1 0.3515625 0.36319444444444443 0.0109375 0.029166666666666667
1 0.365234375 0.3597222222222222 0.01015625 0.025
1 0.3765625 0.35694444444444445 0.009375 0.022222222222222223
1 0.3859375 0.35347222222222224 0.0078125 0.020833333333333332
1 0.39375 0.35138888888888886 0.0078125 0.019444444444444445
1 0.401171875 0.34930555555555554 0.00703125 0.018055555555555554
1 0.190234375 0.375 0.01640625 0.03611111111111111
1 0.225 0.36875 0.0140625 0.029166666666666667
1 0.2515625 0.3638888888888889 0.0140625 0.027777777777777776
1 0.273828125 0.3597222222222222 0.01015625 0.025
1 0.29296875 0.35694444444444445 0.0125 0.022222222222222223
1 0.3078125 0.3541666666666667 0.0078125 0.019444444444444445
1 0.321875 0.35208333333333336 0.009375 0.018055555555555554
1 0.33359375 0.35 0.009375 0.016666666666666666
1 0.34375 0.34652777777777777 0.00625 0.018055555555555554
1 0.87734375 0.4305555555555556 0.0390625 0.06944444444444445
1 0.9890625 0.46319444444444446 0.04375 0.10694444444444444
1 0.8046875 0.4076388888888889 0.0265625 0.05694444444444444
1 0.7546875 0.3951388888888889 0.0234375 0.043055555555555555
1 0.719140625 0.38263888888888886 0.01640625 0.0375
1 0.691796875 0.37569444444444444 0.01484375 0.034722222222222224
1 0.67109375 0.36944444444444446 0.0125 0.027777777777777776
1 0.65390625 0.3638888888888889 0.009375 0.027777777777777776
1 0.640234375 0.3611111111111111 0.01015625 0.025
1 0.62890625 0.35694444444444445 0.009375 0.022222222222222223
1 0.61875 0.3541666666666667 0.009375 0.019444444444444445
1 0.61015625 0.35208333333333336 0.009375 0.018055555555555554
1 0.603125 0.35 0.0078125 0.016666666666666666
1 0.9203125 0.3923611111111111 0.0234375 0.04583333333333333
1 0.8625 0.38263888888888886 0.021875 0.04027777777777778
1 0.8171875 0.37569444444444444 0.015625 0.03194444444444444
1 0.78203125 0.3701388888888889 0.015625 0.03194444444444444
1 0.7546875 0.3659722222222222 0.0125 0.02361111111111111
1 0.731640625 0.3597222222222222 0.01015625 0.025
1 0.7125 0.35625 0.009375 0.02361111111111111
1 0.69609375 0.35347222222222224 0.009375 0.020833333333333332
1 0.682421875 0.35138888888888886 0.01015625 0.019444444444444445
1 0.669921875 0.34930555555555554 0.00859375 0.018055555555555554
1 0.659765625 0.3472222222222222 0.00703125 0.016666666666666666
1 0.65078125 0.3458333333333333 0.0078125 0.016666666666666666
1 0.99375 0.4111111111111111 0.0203125 0.05
1 0.9421875 0.37430555555555556 0.01875 0.0375
1 0.894140625 0.36875 0.01640625 0.03194444444444444
1 0.85546875 0.3638888888888889 0.015625 0.027777777777777776
1 0.8234375 0.3597222222222222 0.0109375 0.025
1 0.796484375 0.35694444444444445 0.01015625 0.022222222222222223
1 0.77421875 0.35347222222222224 0.0109375 0.020833333333333332
1 0.755078125 0.35138888888888886 0.00859375 0.019444444444444445
1 0.737890625 0.34930555555555554 0.00703125 0.018055555555555554
1 0.7234375 0.3472222222222222 0.0078125 0.016666666666666666
1 0.710546875 0.3451388888888889 0.00859375 0.018055555555555554
1 0.596875 0.34791666666666665 0.00625 0.015277777777777777